    -26.329148     44.064815     90.738837
     86.946662     27.386315     47.299805
     32.783330    113.299046   -106.563803
    -94.640873     24.933682     23.315556
   -104.611159     28.053325     55.819269
    -45.396289    134.046218   -178.948945
     54.008971     35.945190     77.541002
    -55.005575    149.370286   -110.409721
   -150.311044     41.768828     -2.946627
     55.603347    149.796299    -68.950308
     68.206328     28.606324     60.741364
    -86.893637     27.190852    -45.586703
    -72.114747    151.064415   -120.628471
     93.348995    152.533917   -132.494813
   -117.033116     30.456963    -24.009322
    -84.931516    152.549268   -131.225975
    126.905317    148.209915    161.446244
    146.349189    138.490715    176.414463
    123.715645    148.572410    159.883878
    -93.502830    152.606070   -137.536079
    -61.000412    149.385698    156.977158
    -55.135167    148.882527   -110.052156
     40.777896     38.831263     -7.065160
    113.169486    148.901324    156.213126
    -31.453284    124.080479   -171.157547
     88.357983    152.650445   -136.199499
     98.786735    152.292287   -128.231952
    116.433873    150.615524    154.129902
    -51.325993    147.902470    162.485042
    122.729522    149.545605    158.355612
     33.747589     38.320432     82.953913
    -30.339216     54.563458     82.128416
     77.714261     27.711226    -36.034571
    -60.745626    150.098983   -113.897346
    -53.378032    146.821907    163.298540
    100.877566    152.096714    143.551091
    105.775759    150.814821   -120.751624
   -108.066734     28.283411     58.152632
    -71.812396    151.972449   -122.198395
   -108.171496    174.486890    158.985365
    101.686074    169.382117   -170.547351
    -55.180681    148.901940    159.918619
     83.358259     27.577531     50.216618
   -106.533337     28.176497     57.157518
    -17.310602    155.183216    -98.505684
    -97.762408     27.512294     50.639236
   -114.668364     29.272541     63.050706
   -143.316622     65.376295     15.418908
     91.383882     27.378317     44.289504
    112.483759    150.535734   -117.636786
     98.371242     27.109311    -49.192146
    -53.480938    148.651870   -109.082258
   -162.648443    135.446470    -89.823256
    117.230916    149.988073   -114.692379
   -111.285328     28.909518     60.863213
    -48.147818    147.184755    164.393134
    113.207393    150.642415   -117.472528
    112.215167    139.563359    -95.035766
    -18.162387    145.483460    -94.014343
     73.635954     24.670444     46.212938
   -114.190015     36.336741    -10.911902
    112.394499    152.156254   -120.209815
    104.762246    151.919067   -124.117894
   -118.050138     29.824068     65.410658
   -116.028135     29.140434     63.633596
     72.747317    153.385285    125.406210
    110.728626    151.425589   -119.892746
    -71.756683    152.381381   -122.913609
     31.750277     50.283877      4.689935
    -47.320522    146.153863    165.668456
    -99.406040     27.642197     51.932639
     46.768187     28.007216     70.472349
     23.347915     39.401466     86.542572
    -10.052542    135.378091    -90.069317
     72.770662     28.098823     57.410804
    -92.445322     27.409884     46.822090
    -99.220937     27.632089     51.874393
    -60.709423    150.013836    156.207781
    -82.503350    152.495104   -129.516077
   -115.126683     29.095705     63.116959
     64.289894     28.958740     63.262724
    109.906003    151.491330    149.560460
   -105.241910     28.031673    -33.782584
    -87.728863    152.656233    136.726421
     89.533868     27.386103     45.373908
   -119.981084     30.086664     66.613795
   -109.079549     28.549769    -30.816590
    141.961903    143.971032    -99.720504
   -109.315143    153.130587    123.688549
   -145.195387     21.995440     69.062869
    -31.052557    137.952510    -92.825045
     38.660997     36.504777     -9.671381
    -65.425951    151.227567   -117.584778
   -141.566268     67.448055     17.100460
     48.828832     33.749702    -14.801517
     63.826163     29.777124     64.515815
    -94.175462     27.400822     48.103254
     68.448346     28.823453     60.865623
     54.897715     33.206545    -17.026007
    -68.149355    151.228934   -119.048130
    -84.728021    152.570231    138.955781
     77.862281     27.841543    -35.925780
     81.185205     28.091130     53.104730
    -29.737485    142.673423    -96.388443
    113.011565    151.115032   -118.283656
    129.830784    147.582451    163.235038
   -148.036976     51.849646      5.937511
    125.743517    150.266849   -110.975167
   -120.299303     30.480560    -22.716636
    -57.448860    149.879305   -112.053114
    128.290126    146.676512    164.062316
   -119.788876     30.424055     66.990117
   -105.543898     28.513027    -32.572806
   -117.444048     29.659784     64.927548
     40.425796     35.379410     79.067262
     87.800796     27.324637     38.261526
    -94.449259     27.358531     47.389419
     75.850685     27.780485     55.060274
     81.141382     27.558986     51.370442
    133.305390    139.173327    175.158128
    -41.277273    109.813691   -160.399995
     81.198299     27.620827     51.519895
    107.882988     27.590334    -57.032696
    -31.617086    119.918394   -168.789442
   -110.674242     28.794325     60.338154
    102.890479    152.115058   -125.463480
   -103.307103     28.361049     55.804716
     85.528834      9.260854      3.963566
   -142.648243     35.784359     80.387051
   -101.425784     27.740925    -36.504983
    148.140481    135.783722    179.247073
    -83.945986    152.527489    139.559435
    -90.984942     27.282179    -43.913945
     84.750233     27.578814     49.325562
     89.505167     36.151244      0.465905
    167.021685     43.763694     90.314270
    147.267228    129.664454   -175.219307
    -98.947993     27.784153     51.989004
   -126.874056    148.969059    -70.820356
    -57.393280    149.541419   -111.714755
    122.442311    149.953156   -112.286721
    106.416689    151.825711    147.114585
    -68.302769     34.056390     16.709205
    103.540470    152.227183   -125.561695
    -57.821451    147.643181    160.914812
   -141.996877    146.115772    -79.046307
    -74.398522    152.067622   -123.751259
    134.444288    146.056651   -103.778973
     69.058145     28.211001     59.687183
   -105.216533     28.143518     56.385680
    140.094952    127.961930   -173.424151
    -82.571232    152.409228   -129.376356
     85.177971    152.605167   -138.487556
    -65.751600    151.405360   -117.971329
    -80.989979     27.434932    -51.423353
    -35.624313    131.322345   -176.500087
    120.122132    149.844884   -113.215422
     97.926223    152.439520   -129.136991
     80.828879    152.642972    128.749232
    124.696247    148.915995    159.849032
     32.092348     47.175993      2.046965
    136.558386    140.959312    172.990005
     32.901895     60.914429     11.971399
     55.091794     31.235866    -19.925677
    -73.433775    151.710221   -122.641267
   -114.828759     29.621224    -26.253486
     37.435994     62.306211     13.952261
   -108.899642     28.381726    -31.128477
    171.623305    136.980497    -90.292733
   -100.318110    152.508381    127.688772
    107.034294    152.394619   -124.583042
    152.606768    135.925746    179.228288
    -33.068034    118.132435   -167.492939
    -89.620118     27.341765    -45.176090
     79.760069     27.692420    -37.322173
     73.447490     31.755605     68.326413
    -81.357520    152.825319   -131.147579
    100.902902    152.198290   -126.733095
    -34.242866     32.709872    100.336385
     99.860524     27.572560     37.860364
    -33.843843    137.310777    177.654279
   -111.325067     28.851644     60.752073
   -102.833292     27.862562     54.490291
    144.361218    115.473594   -165.347879
    141.649244    124.123782   -170.330944
    111.329455    151.421277   -119.598848
    148.319568    130.504607   -175.949276
    -36.625764    142.229150    -98.051787
   -163.608876    140.941634    -87.986217
   -119.778973     31.207068     68.188124
   -116.351760     29.307137     63.977022
     86.897694     27.415838     47.384039
   -106.855853     27.852571     56.605095
     87.081474    152.634869   -137.076152
   -109.418089     28.413357     59.157905
    143.960855    125.513833   -171.696688
    -29.524675     49.064790     86.361356
    148.506189     41.576158     93.315771
    151.341939    141.317911    -95.421583
     57.655321     31.270652    -20.800527
   -119.616792     29.888273     66.276938
     87.386254    149.918267   -168.547163
     71.112608     28.584340    -30.867344
    124.772103    148.992512    159.821017
   -105.943280     43.377284      0.059829
     89.138023    152.619393   -135.581051
    145.749173    117.224967   -166.683429
     33.099780     58.085568     10.394382
   -101.777301     27.722014     53.593864
    120.546708    150.945208   -114.529950
    -69.162802    145.859532    164.629055
     92.080773    152.582752   -133.419477
    -54.204689    135.088277   -179.857880
     60.050282     30.160900     66.696027
    148.738735     40.194752     94.653010
    120.294380    149.573063   -112.823508
     58.888886     41.045243     -3.739288
   -146.918260     56.833622      9.579478
    -67.126673    150.902179    151.954198
   -106.132180     28.171914     56.913344
   -131.985580     33.119824    -15.340283
    146.923835    128.697938   -174.410539
    -76.394950    152.086154   -124.982151
   -128.143594     33.324776    -16.109354
    -91.284188    152.621581   -135.830817
     63.942653     29.546651     64.106074
    -63.500293    148.551596    157.874477
    -50.019207    146.303812    164.851476
     79.641806     27.773890     52.777162
     31.478473     56.894591      9.369822
    -84.344647    152.532769   -131.070210
   -151.211662    134.699269    -90.269751
     93.948518    152.564930   -132.085622
    125.166002     29.805236    111.094112
   -146.768935     38.585257     -6.692410
    127.022451    146.427957    164.009035
     62.987511     29.886725    -24.942311
    -47.592000    136.773542    178.228806
   -123.132945     30.809271    -21.135492
     88.337059     29.249906      5.820255
   -130.778421     32.834549     73.942260
    -55.155481    149.124727   -110.259053
   -128.697512     33.959847     74.913654
   -117.603505     27.328535     61.757799
     83.514156    152.603624    130.400660
   -110.257249     28.646909     59.893815
     44.423235     34.028630    -13.267295
    -74.869776    151.819435    146.466743
    -28.163115    138.748371    -93.193086
   -121.827366     30.549375    -21.997968
    -85.747362     27.380790     42.050380
   -146.966946     37.482619     82.668172
     35.799087     63.600378     14.205946
    -69.244181    150.491892   -118.276475
     28.075778     43.501519     88.715622
   -157.003665     41.955541     88.101100
    -97.425053     27.538618     50.530252
    176.233545    147.678291    -90.850643
    127.038129    145.197433   -104.161178
   -103.178823     27.831017     54.574622
   -125.070460     37.278440     -9.640957
    -76.536579    152.026853    145.111564
    -75.644904    141.190760   -176.682048
     -7.539158    140.723338    -90.737506
     64.529026     27.851311     61.597598
     72.019344    152.386750    122.784955
     85.181279     27.809655     44.876253
   -116.643415     29.647957     64.496924
    -23.428077    171.557913   -112.693754
   -154.745677     14.488020     69.682133
     65.002901     30.474003    -24.682711
   -103.080926     27.827321    -35.385084
     90.486567    152.580759   -134.949332
   -144.946865     63.201997     13.774549
    -75.554013    151.790725   -123.909104
    118.282108     23.537940    -55.396355
    121.133890    149.553263   -112.442441
    102.107831    152.293490   -126.172209
    -65.699852    150.745909   -117.126885
    135.729449    146.489827   -103.548035
   -107.165325     28.296209    -32.270805
     37.108474    139.812549    -84.807048
    -60.015526    149.860624    156.705929
   -110.795658     28.503137     59.971264
    123.534274    149.039781   -110.815141
     -6.915562    136.503003    -90.179722
     30.142573     56.128138      8.716240
     54.606007     31.260185    -19.674931
   -148.317703    119.402714   -101.631288
    107.582862    151.285986    149.003664
    -92.361558     27.363849    -43.123001
   -143.333562     53.193836      7.402333
     86.535212     27.405964     47.628360
   -152.497703    138.004643    -87.534853
     70.450396     28.524503     59.318732
     97.083525    152.635698   -133.014894
   -122.017074     30.540264     68.082671
   -137.129002     43.916464     -0.969519
    -83.227341    152.472808   -129.958044
     77.648229     27.799488     54.086591
    -73.585601    151.851945    147.086632
    177.465550    136.952063    -90.082404
     81.842524     27.525671     50.998170
    -82.732296    152.472696    140.559316
    -97.702065     27.619475    -38.916476
     98.356275     27.253524    -50.341349
    -86.721023    152.562689   -132.582746
    105.294180    150.496268    150.620512
     94.988163     40.598228      4.538718
     74.349918     27.981063     56.340415
    -75.215994    152.183365   -124.458267
    -74.151514    147.266436    165.880139
    -40.369930    140.318960    174.000660
    155.983092     38.252919     94.303540
     42.775714     35.045155    -11.998379
     77.037292     27.921866     54.638074
    -44.857682    156.860660   -114.953282
     78.556014     27.675540     53.267164
   -146.835919    142.967206    -82.415819
     73.950182     27.266618     55.037275
     54.370615     53.976605      9.260081
    135.764643     33.599611    103.464219
    108.750996    151.616266   -121.262244
    129.918665    147.781359   -106.885876
     52.907526     31.755105     71.504126
     86.768494     27.371468     47.386687
      7.172103     43.867450     89.859118
    -54.239766    147.960365   -108.601966
    125.177525    148.552758   -109.601008
   -104.332926     27.933398     55.520631
    117.977268    147.583836   -110.090041
    -92.796034     27.384067     47.091346
     22.117375     13.832712     70.582797
     69.966464     30.170584     62.960493
   -110.030022     32.762317    -17.407427
   -102.130842     27.514462     53.217733
    100.745870    152.322221   -127.141160
     91.920288    152.358951   -137.745542
     84.740806     27.458563     48.985463
   -138.180341     45.115384      0.190311
   -110.517245     29.079584     60.819398
   -168.227443     39.079958     88.733792
     32.682284    142.960780    -82.572163
    -61.891155    150.327029   -114.703366
    -34.238533    119.207045   -167.766551
     81.895514     26.202748     39.101308
     97.324110    152.430862    140.648042
    105.994989    152.014928   -123.537820
     43.258856     34.398834    -12.579414
     56.681093     30.823275     68.967253
    136.525972    144.774142   -101.882286
    -31.545277    120.857014   -169.283134
    -38.372230    113.920420   -163.682470
   -135.672435     12.713222     47.079597
     34.674992     61.733646     12.901904
    124.100434    151.549198   -113.268723
    -53.552528    149.075377   -109.484550
   -138.193496     39.358215     -6.490043
   -102.014281     38.117955      2.157434
    105.649934    151.848125    146.702093
   -137.688220     40.928741     -4.566261
    -66.107109    151.004948   -117.663395
   -101.343127     28.040310     54.092872
     79.452297     27.672344     52.790733
    -79.622957     27.466706    -52.165905
    -81.786336    152.489883    141.105629
     90.392457    152.716033    135.411085
    -48.428026    147.075831    164.350037
     86.385476    152.665595    132.557549
    -98.145664    152.568615   -140.581959
   -125.774551     49.845980      5.306613
   -149.439569     38.998096     84.345643
     29.830249    117.408158   -103.299941
    -48.242135    141.448486    172.033704
    107.607105    151.890501   -122.298892
    -89.107459     27.349457     44.369561
     35.614473     64.320500     14.527886
     71.072036     28.504754     58.973553
    -42.235237    110.011941   -160.253094
   -139.041778     55.654909      9.595851
     39.369311     33.711322     78.425557
    131.280956    146.757136    164.561459
    -37.078345    113.902548   -164.067499
    -44.418969    148.010822   -104.721853
    -82.205497    152.456435   -129.185811
     94.797346     27.244759    -47.346352
    -96.898398     27.501087     50.096620
    -71.166817    152.971149   -125.199106
     67.386451     28.859498     61.492861
     26.535806    139.063247    -86.839904
    103.732498    152.033046   -124.800473
   -152.665006     38.958393     85.167150
    -85.731888    152.647819    138.354549
    133.279747    144.579073    167.865556
     78.793738     27.782541     53.082061
     24.655202     42.504332     88.242528
    -68.348643    151.004538   -118.841271
    -22.316589    142.911971    -94.324761
   -136.297572     33.715304     76.808723
    -69.515507    151.492027   -120.126912
    114.623421    150.352428   -116.388780
    -80.151966    152.385107   -127.780315
    -88.304841     27.303280    -45.986750
    101.944730    152.287729   -126.288398
     95.330976     27.404609     41.121673
    103.779634    152.009197    145.503187
   -127.310952     38.611790     -7.869410
    -97.623465    152.881644    130.441422
   -137.534329     22.335400     64.523499
    -95.023031    152.607247   -138.669944
    141.155568    146.460379   -101.495639
    -59.370896    149.369064   -112.397434
     26.487573     43.642346     88.920351
   -120.528116     30.155384     66.992189
    -32.710601    119.997708   -168.569744
   -111.481853     28.935171    -28.953766
   -131.158636     34.019607    -14.339827
     29.279843    154.368148    -76.091786
    119.626681    149.020216    157.939411
    -85.018426    152.583401   -131.551511
     70.979383     28.360539    -31.128576
    109.414957    151.510150   -120.780895
    -62.407431    151.806293   -116.744664
    -79.269493    152.268884   -126.987726
    -80.939929     26.234001    -46.161529
     59.604650     27.630050     63.583120
     95.153028    152.584805   -131.184006
   -133.185143     30.824233     73.333978
    148.348888    120.323673   -168.990764
     64.433465     29.257489    -26.467234
   -147.648121     56.067863      9.062805
    -59.228296    145.713195    164.235663
    -87.079284    152.576645   -132.891537
    -35.083389    134.199342   -179.175564
    -68.746882    151.193150   -119.366960
     35.275923     63.684223     14.163272
    152.909822     54.649732     82.553919
   -140.543275     68.708783     18.292664
    -60.411761    149.848949    156.526363
     40.620058    144.535160    -79.053434
    145.995606    130.386518   -175.755251
    -37.509511    114.031834   -164.000881
    101.853501    152.651923   -129.024515
    145.881277    117.484800   -166.777394
    108.868217    151.613134   -121.197455
   -111.866208     28.611364     60.751277
    121.373928    149.805688   -112.559333
    -54.897238     30.963334    110.053044
    123.872702    150.005085   -111.569473
   -139.969880     64.483955     15.730334
   -105.525041     26.581222     52.446152
    -52.982892    147.830567    161.982252
     74.410612     28.009614     56.393463
   -107.372096     27.173745     54.942138
    136.774296    145.768888   -102.672009
   -145.136006     64.444682     14.481646
     99.220470    152.406636   -128.195829
    152.740418     54.669034     82.462865
     38.500612     67.722724     17.303913
    139.666805    110.477585   -161.089311
    127.668261    148.369393    161.671889
    143.384207    116.424216   -165.585484
     76.875969     27.887948     54.607720
    -82.984636    151.921975   -136.601942
    -45.561823    147.001869    165.589957
     75.046367     28.191539    -33.645094
     96.274166     17.235927    -14.661797
    -87.463889    152.548011   -133.152835
   -133.901982     35.127446    -12.419654
     36.104848     69.262165     19.985397
     31.328421     57.247706      9.572390
     -7.955673    140.149855    -90.701896
     75.538098     27.916129     55.554861
   -100.888259     28.351671    -34.796119
    -99.654001     37.799259     13.460383
    -35.081324    119.556724   -167.786168
    -43.806483     34.310171    102.844997
     79.294771     27.674339     52.870851
     89.095989    152.670062    134.424282
    -40.140204    146.746253   -102.151254
     84.588262    152.616245    131.191654
    115.033087    150.745332   -116.756105
   -146.226805     61.419464     12.492712
    145.099312    130.474820   -175.772795
    -39.136004    122.459012   -168.694295
   -129.649567     32.281599     73.055726
    -40.018859    141.491097    172.598699
     81.734232     27.507588     50.479596
     86.289559    151.694043   -143.277807
   -116.048782     29.483084     63.985949
     79.133047    152.371156   -142.911773
    -75.237091    151.946592   -124.109831
   -110.346166     28.625749     59.953078
     89.971403     27.359398     45.139279
    -55.009777    122.524855   -167.105082
   -116.122483     29.232431     63.781201
    -80.832382    153.405915    148.609022
    -92.703815     27.323027    -38.825212
     68.548358     28.871322     60.876432
   -106.046538     28.162457    -33.095924
   -125.350691     31.466416    -19.480505
    150.278009     58.109809     80.301496
    116.686004    150.311863    154.613049
    -57.877173    145.680848    164.605203
    -75.447749    151.985613   -124.273617
    -83.339681    137.170725   -176.377721
     55.935543     31.399013    -20.006378
    -47.207943     34.120522    103.824309
     40.052719     39.029568     -6.763828
     72.695731    153.091709    124.434086
    140.501385    145.914227   -101.369541
    179.957951     44.630138     90.000216
    -70.869725    151.741513   -121.444235
    105.078080    152.488301   -125.083405
    101.059291     34.658906     15.421698
   -142.176780     47.757778      2.703265
    -62.704522    144.422334   -103.418633
   -119.765536     29.507267     65.960616
     98.536074    152.385054   -128.713992
    108.369978    151.719364   -121.640344
   -110.847123     29.621760    -27.800770
     48.002135     33.040724     74.607245
    -75.893128    152.050352   -124.652989
   -174.413449    147.009530    -88.850218
    119.153695    150.244595   -114.094914
     48.001173     30.620263     72.603644
   -128.273268     32.226786     72.421028
     -4.935636     41.579820     90.283620
   -111.909052     28.712008     60.912318
    -72.621610    151.778720   -122.286077
   -118.308964     29.776941    -24.491990
    122.489897     23.182113    -58.043728
     40.769676     46.873380      1.904039
    -66.879779     28.639575    118.444378
     97.998396    152.478403    140.919585
     92.426530     27.582138     42.167996
   -105.621405     28.033587     56.427663
   -172.714039     33.972196     88.576886
    127.598889    148.033901    161.900124
    -32.913692    118.622372   -167.687431
     97.089475    152.424546   -130.369197
     38.089256     38.988198     -6.698487
    124.200304    149.432765   -110.873231
     79.189396    152.375309   -142.851456
    104.443879     39.875385      5.516992
    -58.419983    150.119764   -112.782136
    138.375493    141.008968    173.063004
    132.888961    147.357774   -105.301296
    -66.508547    151.029294   -117.934053
     84.460527    151.872107   -141.432945
     73.164029     28.274622     57.496002
    -95.717236     27.445294     49.257220
    146.460048    119.310230   -167.991666
   -119.134327     30.667717    -22.865592
   -100.667562     27.634056     52.765464
    -93.287569     27.456371     47.611397
    109.694366    151.123199    150.088246
    -34.870775    137.469796    177.454277
     92.305743     38.047531     10.471738
   -114.351171    151.030710    -62.608688
    -71.165721    148.842005    156.803982
     98.196161    152.390433   -128.893682
   -103.563604     45.201626      8.100557
     99.666924    152.360412   -127.883639
    -32.847199    150.184490   -102.061245
   -122.722350     30.890462    -21.211442
    -63.853271    134.159264   -178.095956
    108.992343    151.704199   -121.238905
    168.065276    139.544408    -91.008221
   -111.397734     28.377155     60.066688
     32.627828     37.799704     82.946847
     98.176250    152.443413   -128.949374
     50.205923     47.880695      3.648046
    -84.904050    152.620361    138.760300
    111.351578    151.216415    150.714647
    -40.884925    144.907512   -101.267892
    -82.778889    152.414086   -129.728951
    113.912474    150.934975   -117.574334
    -99.319307     27.667445     51.912216
     51.662558     20.100328     55.387836
    -88.550624     27.363973     44.006482
    -80.543648     27.354431    -51.302880
     30.450348     56.287237      8.846510
    150.070680     57.665345     80.399892
   -141.724466     67.949187     17.710985
    -83.837352     27.740427     39.731528
     63.826708     29.621320     64.249343
     97.352107    152.458053   -129.663379
     94.822071     27.217654    -48.101302
    -42.873469    131.385977   -176.273377
     53.990978     30.991005     70.365372
    -58.497394    149.482435   -112.205224
     64.115779     29.191859     63.545154
    -96.970818     27.550504     50.288842
     85.597275     27.491547     48.041290
    -21.262848    135.579243    -90.325459
   -150.234354     51.092925      5.233716
     34.666528     52.511546      6.753825
     29.232795    120.067085   -100.271637
    -92.167166    152.512561   -136.868538
   -125.906840    149.103316    -70.288392
   -100.725342     27.691471    -37.053924
   -144.754209    143.286354    -81.584784
     31.316595     42.956187     -1.960513
   -123.275638     33.443081    -17.025992
     63.234227     29.456126     64.363680
    -61.459720    150.210548   -114.381181
    126.459661    148.334571   -108.861755
    -79.181437    152.280923   -126.998300
   -109.891973     28.654191     59.758758
    -76.605374    152.115517   -125.122411
     72.282909     28.494704     58.349944
    -76.675981    152.174451   -125.253901
   -115.207677     29.317443     63.379311
   -135.468113     27.184180     68.339815
     39.993295     30.949585     76.107123
     94.900110    152.583568   -131.401442
   -125.926271     31.402190     70.676035
   -106.124659     28.276364     57.064021
     80.673189     27.614871     51.819536
   -167.279690    141.446924    -88.490376
   -152.958171    138.044104    -87.543832
   -115.573275     28.844770     62.870717
   -104.374116     27.932573     55.516019
    -91.622163     27.377046     46.245324
     44.157095    146.784558    -76.306471
    154.369505    140.377553    -93.904933
     48.037047    147.117804    -74.521611
    -71.611289    151.625897   -121.491231
    -44.531798    139.793455    174.390822
     70.761728     28.318850     58.914359
     18.758179     44.271296     89.671481
    -59.102657     30.199002    112.737239
   -158.229970    136.703286    -89.018439
     32.286634     57.171731      9.670444
     74.669143     28.160696     56.407850
     51.002122    147.898812    -72.641488
    130.575546    142.938701    169.849170
    137.318641    143.841571    169.411542
     83.301710     27.458372     49.906489
    -25.475949    139.846680    -93.506992
     62.766948     29.682234    -25.065971
     57.004233     31.455154     69.663969
    113.446066    150.873165    152.282929
     99.337080    152.473494   -128.374417
    -23.812261     31.796952     97.023189
    -99.330957     29.980207    -23.678220
   -157.642109    134.690696    -90.195989
    -92.054697     27.409289     46.393322
     26.548592    125.170749    -97.281215
     89.715998     27.353019     45.218224
    -96.191010     27.471827     49.536100
    167.084630     42.267875     90.683927
    -94.508287     27.448468     48.388022
     75.456061     27.968903     55.660001
    130.690767    145.330399    166.369774
    -41.332534    109.924324   -160.337934
     78.157151     27.790857    -36.195282
   -111.932320     28.837490     61.073621
   -108.443932     28.631099     58.936688
    100.462317    152.280122   -127.221001
     56.858094     38.092242     81.098124
    -86.862473    152.566019   -133.438734
   -124.386455    151.250771    -67.368565
    -78.348554     27.626473     36.683869
    -83.927949    152.428801   -130.341791
    -48.677291    147.308385    164.080086
     -9.804876     40.914812     90.714923
     67.377927     28.994368     61.643632
    -69.374026    151.406238    150.078306
     88.726524     27.369148     45.949781
    -87.416906     27.374807     43.121827
     96.172630    152.571071   -130.468027
   -131.045182     32.971713     74.153488
   -166.203662    144.698585    -87.643499
    111.408402    152.049939   -120.617809
    -69.574826    151.363306    150.022034
    137.246039    145.999030   -102.644145
    -73.510083     33.655786     17.662189
     17.853094     43.636828     89.438887
    -30.949482     60.402594     78.935563
     26.384934    141.821214    -84.952436
    -80.408400    152.289541   -127.841245
    -86.186501     27.338506    -47.707665
     83.464570    152.540229   -139.757203
    -58.674806    149.436095   -112.223167
     79.619503    150.295766   -150.776057
   -160.300001     31.192284     83.743737
    -87.875504    152.631243   -133.366671
    -55.867563    148.673023   -110.125680
   -122.049768     28.835565     66.208422
      7.509916    137.982125    -89.612016
     15.738426     37.778299     87.753761
    -56.020286    148.989373   -110.560739
   -122.849448     30.632767     68.567148
     89.964691    152.664137   -134.995873
   -102.451043    151.187407   -146.695682
   -115.118866     29.300828    -26.646692
    -96.420635    153.580952    137.083471
    -70.794133    151.497939   -120.970708
    -85.173298    152.554394   -131.467544
     35.412630    141.021886    -83.461907
    163.890035    137.446825    -90.845272
    128.387945    148.221577   -107.893337
    -44.716842    146.891224   -103.994873
    -39.576031     32.094033    102.733935
    -76.282437    152.105308   -125.522853
    -55.196809    149.075618   -110.240781
    -64.640705    151.379510   -117.480562
    -87.102281    152.567355   -132.838134
     86.065731    152.660428    132.536137
     81.935825     27.589076     51.039574
     26.524817    134.349098    -90.530344
    137.016436    115.082929   -163.439093
    -58.842835    149.070787    158.257229
     50.953207     41.468546     -4.050334
     96.529703    148.851781    169.256991
    112.981575    150.907499    152.133749
   -118.917522     29.560224     65.559148
     67.517817     28.803775     61.162150
    -77.250702    152.155869   -125.565501
   -145.853733     62.346858     13.061815
   -107.392263     28.249378     57.781951
     78.893161     27.704244     52.984429
    -72.667600    151.656531   -122.142630
    101.968547    152.142441   -126.054801
    -42.800460    113.549853   -162.124440
     77.244612     27.457369     53.128655
    -84.309575     27.431634     40.841981
     22.893344    138.150539    -88.057412
     40.231441     68.203913     18.080474
    103.696999    152.101389    145.208081
     36.588121     64.565558     15.027563
   -143.984092     36.575142     -8.742763
   -122.985833     31.017318     69.053031
   -114.371839     29.192399     62.812162
    -71.085565    151.523368   -121.056443
     50.152179     32.370176     73.204426
     52.491214     30.780613     70.814990
   -142.855325     66.342203     16.125847
    109.271709    151.519868   -120.843851
    -63.174731    150.633607   -115.686400
     83.190756     27.606425    -39.312242
     54.091291     31.326897     70.616214
    148.109753    139.813380    -94.770134
   -137.599756     34.847569     78.018797
   -119.648159     30.240085    -23.312362
    -80.340665    152.287459   -127.834393
     60.799140     42.104034     -3.034244
    -64.305275    150.401972   -115.996484
    -81.774468    143.037187   -177.999394
    -63.548198    150.681473   -115.973330
    -74.337869    151.586253   -122.899953
     84.738705     42.176239     -0.201610
    -42.069893     33.899285    102.434941
    -93.246333     36.161598      1.785774
   -172.501085    152.750827    -87.580677
     95.532280    152.560765   -130.916285
     52.965110     31.213548     71.039207
   -115.620337     28.831644     63.012880
    -85.795230    152.512365   -131.812582
    -78.325727     22.354281    -33.013713
     90.797617     27.372087     44.438348
   -128.085260     32.447119     72.654072
    -75.643016     26.607436    -52.984858
     92.093038     27.363030     43.503106
    149.709827    122.259683   -170.321400
     91.931463    152.611677   -133.561681
    176.156521     35.730833     90.615620
     74.678084    153.685402    128.014959
     34.163601     55.998718      9.174703
    133.599517    146.550718   -104.444167
    -68.653702    151.196169    150.775401
    143.409242    120.810131   -168.302382
    -69.741824    151.648347    149.571112
    -57.360025    149.533837   -111.701154
    -98.345013     27.566284     51.194079
    -95.101537     27.439831     48.678278
    112.449096    151.415205   -118.998171
    -75.953353    152.129267    145.301220
     75.499868     27.918518     55.546234
   -109.172493     28.192001     58.664965
     65.001227     29.225731    -26.805466
   -135.235532     33.395358     76.182531
    -97.188177     27.565539     50.388446
   -129.717641     32.439699     73.199950
     91.728281    143.864243   -178.787774
    -63.660243    150.310150    154.479646
    104.373323    152.004808   -124.364384
   -116.718887     29.605103    -25.485934
    134.550939    141.227804    172.491462
    -30.093896    121.772493   -170.095469
     28.231485    146.432705    -82.193360
     96.490163    152.486872    139.940277
   -108.949201     28.188233     58.605328
     99.552799    165.148542   -166.679864
     96.297207     19.208957    -15.085687
   -117.552517     38.554305     -7.234349
   -147.058927     61.370837     12.221569
   -134.345716     33.900377    -13.844777
   -135.361984     33.540574     76.331562
     83.483512     27.731947    -39.124804
    -78.205319    152.348841   -126.687378
    -37.460148     30.944164    102.826817
   -108.697798     28.431336     58.744682
    -89.486686    152.563333   -134.726708
   -119.410687     29.970609     66.233263
     95.441283    143.589380   -178.041309
     71.494861     28.317271     58.474213
   -179.227846     26.963996     89.739857
    132.911368    145.762117   -103.789750
    -57.617724    149.632414   -111.949140
     47.530291     32.887496     74.702138
    137.596478    140.741369    173.329418
    -43.264395    140.330919    173.774620
    -48.188565    145.629454   -103.841123
     47.536010     49.115869      4.230198
   -128.137776     31.880182     72.078178
   -102.346770     27.966216     54.360284
     65.898440     29.109965    -27.411433
    127.804579    145.794152   -104.922043
    106.697689     27.984814     33.016679
     11.805227    146.470109    -87.616056
    -62.615950    150.702724   -115.531934
   -113.941789     29.093307     62.461681
     21.012732    135.497638    -89.726294
    115.985860    150.791957    153.701816
    142.424311    135.701724    179.320398
    -78.410088    152.186251   -126.329490
    118.445386    150.209826    155.587115
     87.426589     27.415329     47.084466
   -135.319959     33.747172     76.449899
   -113.404695     29.329509    -27.410842
     82.007198     27.448370     50.360836
    114.887008    150.739593    153.170763
    -43.252065    145.562014   -102.553552
   -123.649500     29.656358     67.916460
     85.948564     27.422408     47.985547
   -119.456966     30.199460     66.529486
    141.934155    117.649673   -166.001802
   -125.487892     44.171214     -0.079927
     41.221150     35.315357    -11.263514
     28.587136     53.386902      6.806264
    -42.749950    145.630375   -102.400174
     65.142034     29.216895     63.106240
     14.405029     39.489694     88.442494
   -138.399395     35.459157     78.673966
    -65.936636    150.959214   -117.514323
   -144.567157     63.637116     14.776401
     44.413438     32.531488     75.683178
     90.508020    152.170679   -137.183591
    105.464631    151.964609   -123.645524
   -148.155837    119.195891   -101.583765
    -34.159411    123.553284   -170.497200
     74.164428     28.143359     56.732776
   -140.685183     68.096765     17.747196
   -108.669615     28.381830     58.665130
    147.316164    119.764547   -168.424734
     39.896391     34.977915    -10.967997
     59.254401     30.218391     67.162205
     68.335959     27.375709     58.639395
    112.423415    151.533828   -119.737390
     89.450831     27.329311     45.413769
    -54.201095    149.272195    160.050513
   -120.701975     30.758173    -22.124378
    -73.093898    151.832951   -122.751239
     38.348401    144.199594    -80.049461
    125.708791    148.534793   -109.364460
    118.587408    148.558535   -111.789363
     58.824324     31.218943     68.684432
    133.768776    127.602360   -172.411017
   -125.300279     31.920026    -18.891013
    -92.266789     27.421902     46.762783
    -87.640531    152.621281    137.748140
    134.542959    154.338139   -112.446186
     93.424255    152.075996    142.159762
     64.608173     30.091620    -25.228865
     61.814322     29.872410     65.522860
   -153.177088    141.066454    -85.298259
     35.475582     60.226293     12.202972
     31.601677     58.823810     10.532291
    175.192721     44.461573     90.043477
    -95.547008    152.574261   -138.979660
     76.367021     27.898757     55.035093
      3.232567    137.914194    -89.842242
     50.022375     32.220414     73.146497
   -117.793080     28.785991     64.140136
    126.871738    148.529081   -108.818520
     87.620171     27.453665     47.288943
    -82.561269     27.292631    -50.101407
    145.676427    116.872955   -166.472948
    -89.747651    152.656514   -134.765870
     34.596682     44.988536      0.017559
     97.429290     27.471565     39.643397
    102.546437    152.060925   -125.539608
   -147.728308     58.154204     10.283207
    -89.963112    152.655971    135.794021
    116.131010    150.523882   -115.943794
    125.791906    148.212452    161.073971
    -94.294977     27.414302     48.160123
   -114.630657     39.920794     -1.240835
    -90.784110     27.514867     44.979551
    -89.037849     27.418736     45.898000
     71.775210     28.019821     57.946704
     90.939938    152.634496    135.900030
    127.396100    148.777739   -108.799350
     92.567893     27.307158    -46.710018
    -88.183211     27.300248    -46.276422
    107.022899    151.510346    148.115346
     80.422790     27.617585     52.037532
    144.050395    114.828272   -164.857044
   -150.333141     40.884940     86.255377
     91.000877    152.632462    136.120365
    -48.018855    146.930181   -105.376043
    134.082134     33.275757    104.358577
    -29.336991     50.519244     85.033037
   -105.901429     28.203268     56.786869
     77.592470    152.465617    126.374573
    110.468565    151.389207    150.003180
    -66.567311    151.032704   -117.996242
     85.484144     27.398152    -41.558537
   -162.162422    137.015003    -89.178049
   -104.933439    152.172864   -145.676355
    110.877444    132.893309   -175.148311
    -64.475510    150.462418   -116.145168
   -144.597529     39.552924     84.111447
   -158.115498    140.311762    -87.057509
    142.120376    132.801920   -177.802211
    100.899008    152.363773   -127.111253
    -50.093422    146.014860   -104.778151
     79.449081     26.711428     48.911975
     59.566916     30.137890    -23.069976
     44.752874     56.652254     10.578087
   -106.901077    169.701611    156.272586
     75.334757     13.743775     17.808396
   -100.171978     27.629577     52.484582
